%YAML:1.0
calibration_time: "Tue Jun 28 16:19:08 2016"
nr_of_frames: 25
image_width: 640
image_height: 480
board_width: 9
board_height: 6
square_size: 26.
fix_aspect_ratio: 1.
# Tue Jun 28 16:19:08 2016
flags: 14
camera_matrix: !!opencv-matrix
   rows: 3
   cols: 3
   dt: d
   data: [ 6.0217726887265667e+02, 0., 3.1950000000000000e+02, 0.,
       6.0217726887265667e+02, 2.3950000000000000e+02, 0., 0., 1. ]
distortion_coefficients: !!opencv-matrix
   rows: 5
   cols: 1
   dt: d
   data: [ 7.4983449949109729e-02, -1.4324743302481283e-01, 0., 0.,
       -3.7838534396852440e-02 ]
avg_reprojection_error: 7.2721969191026936e-01
per_view_reprojection_errors: !!opencv-matrix
   rows: 25
   cols: 1
   dt: f
   data: [ 7.29019582e-01, 7.28574395e-01, 7.30353892e-01,
       7.27341354e-01, 7.25225329e-01, 7.24938810e-01, 7.26683974e-01,
       7.27541864e-01, 7.24902868e-01, 7.31145382e-01, 7.26355016e-01,
       7.26705849e-01, 7.28709221e-01, 7.30352640e-01, 7.25206435e-01,
       7.28635073e-01, 7.27145672e-01, 7.27410316e-01, 7.26711988e-01,
       7.26181090e-01, 7.24963069e-01, 7.25551009e-01, 7.28089571e-01,
       7.27219522e-01, 7.25475132e-01 ]
extrinsic_parameters: !!opencv-matrix
   rows: 75
   cols: 4
   dt: d
   data: [ -9.9904500444665267e-01, -5.0360988155374042e-03,
       -4.3401806401439980e-02, 8.4551480161517816e+01,
       -2.3405999127802304e-03, -9.8574041086600328e-01,
       1.6825683931945071e-01, 4.7443268691306308e+01,
       -4.3630272543684928e-02, 1.6819774105035804e-01,
       9.8478724566442288e-01, 2.6049021651378024e+02,
       -9.9904596877392360e-01, -5.0396694559996348e-03,
       -4.3379188654776378e-02, 8.4553712833980782e+01,
       -2.3375130663731546e-03, -9.8572403980207524e-01,
       1.6835276472021898e-01, 4.7441494402098868e+01,
       -4.3608351370316094e-02, 1.6829355034596882e-01,
       9.8477184799460626e-01, 2.6046841055645808e+02,
       -9.9905121992750001e-01, -5.0375781681786013e-03,
       -4.3258325991345853e-02, 8.4553792269284614e+01,
       -2.3227933964337834e-03, -9.8571016256886668e-01,
       1.6843420091921890e-01, 4.7435241710519122e+01,
       -4.3488671998711814e-02, 1.6837487405981277e-01,
       9.8476323915605724e-01, 2.6045174609694340e+02,
       -9.9905373230038919e-01, -5.0483703371724913e-03,
       -4.3199003849638373e-02, 8.4554761724940477e+01,
       -2.3026868624546151e-03, -9.8570808293089318e-01,
       1.6844664697736433e-01, 4.7433211437374887e+01,
       -4.3431988325148010e-02, 1.6838672513485758e-01,
       9.8476371439471788e-01, 2.6043819049323213e+02,
       -9.9905091180831240e-01, -5.0521873510708405e-03,
       -4.3263737910047666e-02, 8.4553536859657513e+01,
       -2.3074712654033614e-03, -9.8571724250523651e-01,
       1.6839297314387011e-01, 4.7435761230879379e+01,
       -4.3496565282088125e-02, 1.6833298319355747e-01,
       9.8477005213289148e-01, 2.6044935993105685e+02,
       -9.9905252121416277e-01, -5.0714459355436061e-03,
       -4.3224302096710195e-02, 8.4553989248648108e+01,
       -2.2861173894432353e-03, -9.8570064779971223e-01,
       1.6849037537648653e-01, 4.7431571515730234e+01,
       -4.3460712406799003e-02, 1.6842955014886940e-01,
       9.8475512342599314e-01, 2.6043107688448265e+02,
       -9.9905264009687611e-01, -5.0567058241128985e-03,
       -4.3223281245991556e-02, 8.4555100402645508e+01,
       -2.2988832501479170e-03, -9.8570683423838834e-01,
       1.6845400580436376e-01, 4.7432811283117502e+01,
       -4.3457306074627909e-02, 1.6839378451101694e-01,
       9.8476139033107568e-01, 2.6043769183153222e+02,
       -9.9904874406175537e-01, -5.0560116307538224e-03,
       -4.3313320526355344e-02, 8.4557853767702767e+01,
       -2.3173461172703823e-03, -9.8569679178380654e-01,
       1.6851250569047943e-01, 4.7435204306520269e+01,
       -4.3545802273030697e-02, 1.6845257912392070e-01,
       9.8474742532839188e-01, 2.6045434560614416e+02,
       -9.9904963232674859e-01, -5.0190913404981052e-03,
       -4.3297123113484562e-02, 8.4556484774176667e+01,
       -2.3519051243182073e-03, -9.8569336041625022e-01,
       1.6853209716136081e-01, 4.7439303552240688e+01,
       -4.3523564767545264e-02, 1.6847376043003220e-01,
       9.8474478488412887e-01, 2.6045756926919523e+02,
       -9.9905031575359315e-01, -5.0149753497119127e-03,
       -4.3281827767410012e-02, 8.4556005449018883e+01,
       -2.3505485655610486e-03, -9.8570433545204506e-01,
       1.6846791383668078e-01, 4.7441167684916195e+01,
       -4.3507947711733101e-02, 1.6840965855105858e-01,
       9.8475643962993620e-01, 2.6045489320573495e+02,
       -9.9904674319786868e-01, -5.0353276410904221e-03,
       -4.3361853988025341e-02, 8.4557187344261720e+01,
       -2.3401714380708082e-03, -9.8571902724252636e-01,
       1.6838207425283727e-01, 4.7440616495593858e+01,
       -4.3590463445258250e-02, 1.6832303706740334e-01,
       9.8476760034489041e-01, 2.6047783656502651e+02,
       -9.9904715685379353e-01, -5.0201996290590838e-03,
       -4.3354076832934643e-02, 8.4557085310318186e+01,
       -2.3526829320936540e-03, -9.8572325513912229e-01,
       1.6835714763844684e-01, 4.7442393386068751e+01,
       -4.3580308229435927e-02, 1.6829872808080620e-01,
       9.8477220455342340e-01, 2.6047944393274310e+02,
       -9.9905287985337143e-01, -5.0064052186250263e-03,
       -4.3223594985516242e-02, 8.4555670817699280e+01,
       -2.3442381635726288e-03, -9.8572348110479591e-01,
       1.6835594241390878e-01, 4.7441567055781633e+01,
       -4.3449370583674402e-02, 1.6829781550997580e-01,
       9.8477814633066052e-01, 2.6046096057082127e+02,
       -9.9905169180016207e-01, -5.0292819004299312e-03,
       -4.3248392279945098e-02, 8.4557411305711938e+01,
       -2.3329077180439207e-03, -9.8569618414657367e-01,
       1.6851584525041907e-01, 4.7437267247901715e+01,
       -4.3477288931269599e-02, 1.6845693480070834e-01,
       9.8474970752203672e-01, 2.6045240703560211e+02,
       -9.9905169401632010e-01, -4.9902412189967186e-03,
       -4.3252863208083893e-02, 8.4556436614788922e+01,
       -2.3652924089035167e-03, -9.8572277041434753e-01,
       1.6835980897614461e-01, 4.7443913605622086e+01,
       -4.3475488208200429e-02, 1.6830245803089078e-01,
       9.8477620023324020e-01, 2.6046236345072504e+02,
       -9.9905045695670658e-01, -5.0271351259239616e-03,
       -4.3277157566337800e-02, 8.4558071716100613e+01,
       -2.3361797502666681e-03, -9.8571049479039230e-01,
       1.6843207154296524e-01, 4.7438643413473365e+01,
       -4.3505479181022384e-02, 1.6837324126031966e-01,
       9.8476277595607931e-01, 2.6046339536988688e+02,
       -9.9905030866432232e-01, -5.0118916796001948e-03,
       -4.3282348590552855e-02, 8.4557331853920658e+01,
       -2.3606901994731029e-03, -9.8567717593031401e-01,
       1.6862660523127074e-01, 4.7439503970500525e+01,
       -4.3507561406085374e-02, 1.6856863822144577e-01,
       9.8472925533298905e-01, 2.6044610525608243e+02,
       -9.9905188788049559e-01, -4.9971258848346212e-03,
       -4.3247590167647475e-02, 8.4556484604860202e+01,
       -2.3670689076945644e-03, -9.8568614626437123e-01,
       1.6857407287978438e-01, 4.7440684320782914e+01,
       -4.3470936350668919e-02, 1.6851661578427141e-01,
       9.8473977674176061e-01, 2.6045005624983713e+02,
       -9.9905044398239040e-01, -5.0212669591573906e-03,
       -4.3278138323099499e-02, 8.4556637143340225e+01,
       -2.3509913675555045e-03, -9.8567618444311011e-01,
       1.6863253618819096e-01, 4.7436908473564181e+01,
       -4.3504979234314539e-02, 1.6857415667829018e-01,
       9.8472842473548305e-01, 2.6045155009989344e+02,
       -9.9904955257885963e-01, -5.0158306998098322e-03,
       -4.3299341038532654e-02, 8.4558145693513183e+01,
       -2.3538284813047336e-03, -9.8569980774523758e-01,
